9122
9492
8810
6618
8691
377
759
4009
7670
0
9711
4653
9713
7524
4814
4776
9597
2908
5300
4784
5182
5414
5718
934
6151
5528
9122
8752
4829
9092
3620
6948
8763
4735
8171
9928
5113
7960
3495
1090
4575
8021
9453
6986
4746
723
4927
3295
522
7230
8760
6268
9100
8288
7881
1580
5447
8610
9752
81
572
447
5085
3189
1911
466
4434
9387
4019
1560
4083
6163
2873
6237
7305
7253
5263
421
3777
3967
2808
5512
7826
2470
5934
4467
6611
5253
7108
9504
6641
574
9722
4167
5379
9888
6332
8677
1199
8295
3519
5398
8919
9092
9378
927
1496
9048
2106
4942
4549
7530
266
5472
54
6224
4701
9715
5905
6957
1639
1551
9222
9069
1761
2491
8918
2536
8302
9049
1834
2870
7806
9302
1879
2080
3908
4558
8526
7157
7476
3441
5443
8308
5629
7894
9897
7514
2100
1274
8033
6557
103
6864
4431
4722
5697
465
1520
7886
8216
886
1386
2250
9384
9660
8739
6895
9785
4080
4860
6016
3910
8092
4032
835
9409
9565
4679
3643
8913
4585
8941
7121
579
9068
5264
8129
5693
3106
3686
4079
7645
8670
8524
5317
558
1763
3400
2057
7154
5076
2143
2764
3294
724
4566
6182
1891
4490
5274
1646
6026
7634
4269
303
2321
8920
6073
6065
9895
7322
7388
7846
5005
9221
6611
836
3787
3964
9594
3695
455
5401
5465
2044
613
7316
9258
7114
7101
1664
2500
2796
6248
9049
6744
2726
4249
9509
8539
472
3406
6981
2874
\0