6862056674547573
6477748172353865
3723860704625825
7607558480763300
2426928315691529
1164185637343543
5624517522081065
4351695039163538
5485507706305460
3202604927317436
5569145306818876
5108395843297495
4891800028030643
2417205215801492
8237615609502739
6697256014767631
5361455375467032
5771998118843139
6228371203450947
2879527185117941
6485996953706918
2270197805617247
7377058894429361
5629689280041918
5995058753388043
6230636902098340
1476884113735893
1352310114136206
9584745316925763
4286252826826536
2151031923609063
7720473672691263
4754127271828887
3931659049572807
4140073061913202
4655733996280824
9267011729990322
4105839796921123
4676419947933149
2584926512664070
8336126636984600
5464372674750625
8893043124969115
1630541559898967
1687977297780751
1493880675609507
1593769544423813
9401169662992148
4308988460821566
8953762473220220
7520377504500261
4527039226188497
6214574506488386
8981867648893995
3290096617437281
4886288079049197
4844554949594352
2267298063940845
5128552912828171
2990895470121652
5695245235507847
5173037958267122
5403727229958928
4173646389341634
88342990683658067
63559794597521926
96491984117955942
24788293375779961
43399411662286399
34429978974261696
91741481131430118
64005003507812703
68468952172542893
56895240220386745
74369882175434471
86535837426443863
58925066369276202
67601142858548887
54118039485849384
97290094036396819
46419049083538698
23959744103144258
66555944163526102
27053605599967677
17234298040567253
31667562360720677
77878109850855245
34439084820277621
29486985898109271
56281805104477381
21007843102966979
62385277752827664
23838506691858177
65023350648649396
43951681428919826
49166729413662997
81840063024978463
31118916653645341
81909475918302295
46400062961273414
49925909061146138
11570617709269706
58401051727686109
56905478798909731
16464676404992624
94889723583701133
55224049984166054
28644927958957785
31462735899144316
21348383147321981
37766662672944111
53004862298961792
98952842372671273
88703350988780041
45964086559228889
47175217670336271
92125698507417991
67067354104296443
36324291161325273
38373120169696772
79179287374403946
49458672882637675
89718856290966866
31736182886882686
54914902015760757
42901921961210142
25811493637259085
57006185678988439
643069573617239944
653110816037001895
479622110047050417
235966779392494157
245415862361005293
533005554370314428
711932541960906049
413071163915470528
532220066374599989
893733156933716893
511334462098406690
582594541952371153
539135858590473824
432991403716252910
324461135488442875
525059022548443352
699804464752053813
944277059949807411
531639636106716784
184185723189120227
177527435861265821
380477418247666052
631264734181967139
151714500812903748
493167076628793791
780667234344110324
574055025915610772
798358503003264047
748805453631798655
756813059894938947
854808465408339233
920536220509576856
637235562042277958
555797717046600438
393803618918567045
910323047297842755
810682170928133425
784040029305209361
371401429741849031
226516264232121019
250475834560981129
348430859891650970
393456302157146968
268600858811478914
872971814043943734
917970258828142996
375862094457304538
838530248890081684
774606921848965289
469202799077426999
584345793080102835
670207499499646564
447613441019009089
586431706439985951
363426355659272983
978737006593135612
292616197958115422
526363954890035398
368095574232514659
715686464670275528
245741666736502857
695964981577863747
178752014456953111
787593977050811037
7603153646632590371
9137143934343836969
9239074693417682394
9142993097632089624
1571976453426842469
9693309024669887897
9843277357568959549
9355934397564916973
3605931906595710988
3623704733110408496
1422628782706969346
4161142579360385140
3558319221066465985
3302913916127350884
3281060699581194830
3380505172756698469
6335454259732055656
1376902849307978164
3662252535414608853
9623402624964620327
3738571224533142873
9803768484076899775
3407756109453653155
6441045901651223361
5285381507118517456
3467498046675499376
7246963283063267986
3966337780597355877
2399605063399718297
3826603200972653173
1538270682473082550
6695817609799123319
8981504130679211281
5843182696026437988
4448389590129434529
7556968892795306518
2665659099529339756
8199942773680177311
5250035043400883676
1881676484158468819
5156917966195508570
2536827959518771167
5342000515393008416
4988528723689099952
4293429075340762387
4786984933528563638
5176018974592213335
1633849331794123705
5812444765439452302
4314344974239738767
6433894273726444929
5618910309124759706
4233654804194714265
4205759202411240866
8822838935646909657
2741281298616977126
9684938050929432513
5867159482964694757
5636498038696140798
2332936243407375323
6791636688040080351
1973591609232681998
7677096693190829105
\0